District,Households_Rural,Households_Rural_Dilapidated,Households_Rural_Toilet_Premise,Households_Urban,Households_Urban_Dilapidated,Households_Urban_Toilet_Premise
Kupwara,158438.0,13150.354000000001,77476.182,,,
Badgam,160649.0,6265.311,133820.617,27190.0,706.94,24579.760000000002
Leh(Ladakh),36920.0,775.32,32526.519999999997,17474.0,192.21400000000003,16740.092
Kargil,40370.0,1412.95,39078.159999999996,7774.0,93.288,7579.65
Punch,132139.0,3171.3360000000002,18103.042999999998,15269.0,122.152,11497.557
Rajouri,196070.0,5293.89,19999.14,17508.0,297.636,14969.34
Kathua,181374.0,6348.090000000001,25755.107999999997,33473.0,1037.663,22460.382999999998
Baramula,210543.0,11158.779,156433.449,48932.0,2446.6,45262.1
Bandipore,80521.0,5958.554000000001,56445.221,17555.0,754.8649999999999,16554.364999999998
Srinagar,4518.0,284.634,4007.466,257721.0,5669.862000000001,252824.301
Ganderbal,63788.0,6059.86,44332.659999999996,13558.0,610.11,12378.454
Pulwama,147520.0,6785.92,92495.04,21703.0,651.09,19771.432999999997
Shupiyan,75616.0,4461.344,44613.439999999995,5272.0,173.976,4997.856
Anantnag,207067.0,10560.417,105190.03600000001,70666.0,2190.646,53352.83
Kulgam,95952.0,4509.744,40011.984000000004,25178.0,1057.476,14729.13
Doda,122267.0,1956.272,29344.079999999998,11350.0,329.15,10600.900000000001
Ramban,84281.0,1769.901,15002.018000000002,,,
Kishtwar,72378.0,2460.8520000000003,14475.6,5993.0,41.95099999999999,5597.462
Udhampur,148664.0,2973.28,11001.136000000002,34696.0,624.528,26056.695999999996
Reasi,95572.0,1433.58,8601.48,12261.0,134.871,9661.668
Jammu,254566.0,12473.734,62623.236000000004,248043.0,8433.462000000001,210588.507
Samba,94247.0,3110.1510000000003,24504.22,19989.0,219.87900000000002,14132.223000000002
Chamba,186395.0,4287.085,90960.76,13836.0,96.85199999999999,12037.32
Kangra,588321.0,8236.493999999999,378878.724,39007.0,624.112,32102.761
Lahul AND Spiti,17434.0,,,0.0,,
Kullu,167995.0,2015.94,91053.29000000001,20709.0,269.21700000000004,18762.354
Mandi,431129.0,6898.064,353525.77999999997,31696.0,221.87199999999999,29160.32
Hamirpur,196116.0,1961.16,174739.35599999997,15232.0,91.392,14059.135999999999
Hamirpur,196116.0,1961.16,174739.35599999997,15232.0,243.71200000000002,10464.384
Hamirpur,196116.0,1961.16,174739.35599999997,55300.0,331.8,51041.899999999994
Hamirpur,196116.0,1961.16,174739.35599999997,55300.0,884.8000000000001,37991.100000000006
Hamirpur,196116.0,2941.74,49029.0,15232.0,91.392,14059.135999999999
Hamirpur,196116.0,2941.74,49029.0,15232.0,243.71200000000002,10464.384
Hamirpur,196116.0,2941.74,49029.0,55300.0,331.8,51041.899999999994
Hamirpur,196116.0,2941.74,49029.0,55300.0,884.8000000000001,37991.100000000006
Hamirpur,,,,15232.0,91.392,14059.135999999999
Hamirpur,,,,15232.0,243.71200000000002,10464.384
Hamirpur,,,,55300.0,331.8,51041.899999999994
Hamirpur,,,,55300.0,884.8000000000001,37991.100000000006
Hamirpur,,,,15232.0,91.392,14059.135999999999
Hamirpur,,,,15232.0,243.71200000000002,10464.384
Hamirpur,,,,55300.0,331.8,51041.899999999994
Hamirpur,,,,55300.0,884.8000000000001,37991.100000000006
Una,185091.0,2591.274,108833.50799999999,20126.0,966.048,15013.996
Bilaspur,152458.0,1981.9540000000002,104891.10399999999,11987.0,95.896,11207.845000000001
Bilaspur,152458.0,1981.9540000000002,104891.10399999999,11987.0,371.597,7875.459000000001
Bilaspur,152458.0,1981.9540000000002,104891.10399999999,188174.0,1505.392,175942.69
Bilaspur,152458.0,1981.9540000000002,104891.10399999999,188174.0,5833.394,123630.318
Bilaspur,152458.0,7927.816000000001,25308.028000000002,11987.0,95.896,11207.845000000001
Bilaspur,152458.0,7927.816000000001,25308.028000000002,11987.0,371.597,7875.459000000001
Bilaspur,152458.0,7927.816000000001,25308.028000000002,188174.0,1505.392,175942.69
Bilaspur,152458.0,7927.816000000001,25308.028000000002,188174.0,5833.394,123630.318
Bilaspur,549632.0,7145.216,378146.816,11987.0,95.896,11207.845000000001
Bilaspur,549632.0,7145.216,378146.816,11987.0,371.597,7875.459000000001
Bilaspur,549632.0,7145.216,378146.816,188174.0,1505.392,175942.69
Bilaspur,549632.0,7145.216,378146.816,188174.0,5833.394,123630.318
Bilaspur,549632.0,28580.864,91238.91200000001,11987.0,95.896,11207.845000000001
Bilaspur,549632.0,28580.864,91238.91200000001,11987.0,371.597,7875.459000000001
Bilaspur,549632.0,28580.864,91238.91200000001,188174.0,1505.392,175942.69
Bilaspur,549632.0,28580.864,91238.91200000001,188174.0,5833.394,123630.318
Solan,192787.0,3662.953,133023.03,,,
Sirmaur,171102.0,4790.856,97357.03799999999,21054.0,210.54,20232.894
Shimla,279269.0,6423.187,167002.862,95896.0,1246.6480000000001,86977.672
Kinnaur,44514.0,445.14,30803.688000000002,0.0,,
Gurdaspur,420860.0,37877.4,210850.86,185488.0,9645.376,158777.728
Kapurthala,165433.0,10091.413,128045.142,95770.0,3926.5699999999997,90119.56999999999
Jalandhar,330339.0,20481.018,251057.64,377791.0,18133.968,361923.778
Hoshiarpur,422673.0,27473.745000000003,240923.61,128592.0,6301.008,114318.288
Shahid Bhagat Singh Nagar,183168.0,9891.072000000002,122356.22399999999,48383.0,3144.895,41173.933
Fatehgarh Sahib,117559.0,7523.776,96986.17499999999,57337.0,2580.165,53839.44300000001
Ludhiana,395032.0,28047.271999999997,345653.0,641789.0,31447.661,621893.5410000001
Moga,214295.0,15857.830000000002,183007.93000000002,74144.0,4967.648,70214.368
Firozpur,348522.0,37640.376000000004,232115.65199999997,153868.0,10924.627999999999,139558.276
Muktsar,149507.0,15997.249,108093.561,74650.0,6793.15,67035.7
Faridkot,99946.0,7695.842,80056.746,58917.0,4772.277,54674.975999999995
Bathinda,218159.0,16143.766000000001,183908.03699999998,137563.0,7428.402000000001,128071.15299999999
Mansa,145603.0,10483.416000000001,91584.287,50786.0,2996.3740000000003,43168.1
Patiala,299279.0,21248.808999999997,231342.66700000002,218090.0,9159.78,211329.21000000002
Amritsar,275477.0,21487.206,167490.016,385476.0,20815.704,360034.58400000003
Tarn Taran,222717.0,18040.077,144320.616,44457.0,3156.4469999999997,38988.789
Rupnagar,148162.0,8889.72,84304.178,60537.0,3026.8500000000004,55512.429000000004
Sahibzada Ajit Singh Nagar,117293.0,8562.389,71196.851,174042.0,6613.596,160814.80800000002
Sangrur,292156.0,17821.516,229634.61599999998,156788.0,7369.036,144244.96
Barnala,102577.0,6667.505,82266.754,54222.0,3199.0980000000004,48908.244
Chandigarh,8911.0,249.50799999999998,7841.68,289456.0,10130.960000000001,253563.45599999998
Uttarkashi,112148.0,3364.44,44298.46,9061.0,72.488,8290.815
Chamoli,163434.0,4085.8500000000004,76813.98,22906.0,206.15400000000002,20042.75
Rudraprayag,112705.0,2141.395,57479.55,4454.0,13.362,4079.8639999999996
Tehri Garhwal,227059.0,6357.651999999999,113756.559,27177.0,190.23899999999998,26062.743000000002
Dehradun,228245.0,8901.555,170270.77,269393.0,6465.432,256462.13600000003
Garhwal,279682.0,5034.276000000001,135086.406,36780.0,404.58000000000004,34830.66
Pithoragarh,183687.0,4224.8009999999995,88169.76,26256.0,131.28,25337.04
Bageshwar,96031.0,2784.899,51376.58500000001,3880.0,34.92,3492.0
Almora,260056.0,4420.952,134188.896,21082.0,274.06600000000003,19374.358
Champawat,85202.0,5112.12,34421.608,12839.0,757.5010000000001,10258.361
Nainital,193086.0,9847.385999999999,134001.684,105577.0,3167.31,100086.996
Udham Singh Nagar,269406.0,18050.202,153292.014,145253.0,5810.12,133632.76
Hardwar,301828.0,15996.884,151517.656,186183.0,4096.026000000001,172405.45799999998
Panchkula,70895.0,3473.855,31193.8,93656.0,4401.832,82042.65599999999
Ambala,175365.0,7540.695,89611.515,139891.0,4616.403,124922.663
Yamunanagar,214464.0,13725.696,98653.44,143259.0,5730.36,131655.021
Kurukshetra,203553.0,8752.778999999999,140655.123,88268.0,3089.38,81559.632
Kaithal,231091.0,11092.368,133339.507,,,
Karnal,292682.0,14341.418,200779.85199999998,135920.0,3533.9200000000005,124502.71999999999
Panipat,173502.0,7287.084000000001,115725.834,153804.0,4460.316,145959.996
Sonipat,,,,133576.0,4541.584000000001,123157.072
Jind,278335.0,13916.75,142785.855,89665.0,2510.62,78546.54
Fatehabad,203020.0,11572.140000000001,148001.58000000002,55360.0,2712.6400000000003,50322.240000000005
Sirsa,245476.0,14483.084,214791.5,93316.0,3825.9559999999997,89490.04400000001
Hisar,,,,154113.0,5085.729,137931.135
Bhiwani,357047.0,18923.490999999998,175667.124,99235.0,4366.34,86135.98
Rohtak,,,,131739.0,3556.9530000000004,121331.61899999999
Jhajjar,211816.0,10378.984,123912.35999999999,78328.0,3524.7599999999998,71826.776
Mahendragarh,223726.0,6935.506,87253.14,44216.0,1238.0479999999998,34134.752
Rewari,199449.0,6581.817,99325.602,69305.0,1663.32,60849.79
Gurgaon,141703.0,4534.496,92957.16799999999,381988.0,14897.532,350282.99600000004
Mewat,187398.0,16865.82,33356.844000000005,36237.0,1739.376,22648.125
Faridabad,87700.0,3771.1,51392.2,382981.0,9191.544,341619.052
Palwal,186069.0,11722.347,59728.149000000005,63090.0,2271.2400000000002,52238.52
North West,67592.0,3041.64,43326.471999999994,959275.0,31656.075,824017.2250000001
North,4512.0,40.608000000000004,4421.76,296559.0,10379.565,266606.541
North East,5326.0,149.128,5059.7,482255.0,9645.1,458624.505
East,1086.0,13.032,1065.366,461132.0,8761.508,430697.288
New Delhi,0.0,,,52664.0,1948.5680000000002,41025.256
Central,0.0,,,194897.0,6236.704,176966.476
West,1809.0,32.562000000000005,1575.639,699703.0,19591.683999999997,629032.997
South West,41179.0,1358.9070000000002,36113.983,606503.0,15769.078000000001,553130.736
South,2918.0,134.228,2643.7079999999996,728145.0,21116.204999999998,640767.6
Ganganagar,397697.0,9942.425000000001,323327.66099999996,164897.0,5441.601000000001,154343.592
Hanumangarh,389059.0,9337.416000000001,320195.557,108694.0,3369.514,102063.66600000001
Bikaner,335754.0,16451.946,99047.43,196179.0,3335.043,181661.754
Churu,344897.0,20004.025999999998,162101.59,148996.0,3277.9120000000003,130371.5
Jhunjhunun,500452.0,12010.848,228706.564,,,
Alwar,782294.0,28162.584000000003,115779.51200000002,212967.0,3407.472,168882.83099999998
Bharatpur,,,,129697.0,3112.728,90139.415
Dhaulpur,214670.0,14168.220000000001,10304.16,58626.0,2051.9100000000003,36817.128
Karauli,305047.0,17082.631999999998,25013.853999999996,59308.0,1838.548,37008.192
Sawai Madhopur,282057.0,12410.508000000002,24821.016000000003,71264.0,1852.8640000000003,51452.608
Dausa,361084.0,19137.452,33580.812000000005,59610.0,834.54,45899.700000000004
Jaipur,754841.0,31703.322000000004,166065.02,977838.0,11734.056,886899.066
Sikar,527560.0,14771.679999999998,212079.12000000002,178274.0,2852.384,150998.078
Nagaur,675712.0,42569.856,179063.68000000002,166489.0,3995.736,134190.134
Jodhpur,584215.0,30379.180000000004,80037.45499999999,,,
Jaisalmer,159117.0,5091.744,26572.538999999997,30830.0,524.11,20501.95
Barmer,542825.0,28769.725,52654.024999999994,55980.0,1399.5,46351.439999999995
Jalor,419216.0,35214.144,47371.408,48202.0,1928.08,29837.038
Sirohi,238535.0,16458.915,38642.67,69639.0,1323.141,47493.798
Pali,512909.0,27697.086000000003,95913.983,139808.0,3495.2000000000003,96607.328
Ajmer,409335.0,13917.390000000001,57716.23499999999,274919.0,3024.1090000000004,236980.17799999999
Tonk,298911.0,5679.309,20624.859,81755.0,2043.875,53713.035
Bundi,239836.0,8154.424000000001,19906.388000000003,63452.0,1269.04,40736.184
Bhilwara,530015.0,19080.54,55651.575,145865.0,1896.2450000000001,108961.155
Rajsamand,304622.0,12794.124000000002,34422.286,61054.0,610.54,43592.556000000004
Dungarpur,322816.0,20014.592,29376.255999999998,31547.0,662.4870000000001,23376.327
Banswara,390437.0,35529.767,26940.153000000002,39407.0,906.361,32510.774999999998
Chittaurgarh,366780.0,13204.080000000002,35210.88,88873.0,1599.7140000000002,64432.924999999996
Kota,203454.0,5696.7119999999995,25024.842000000004,311735.0,5922.965,239412.48
Baran,249184.0,7724.704,18688.8,69804.0,1396.08,39997.691999999995
Jhalawar,298624.0,12840.831999999999,21500.928000000004,63763.0,1339.0230000000001,42657.447
Udaipur,665449.0,25287.061999999998,61886.75700000001,182769.0,2193.228,157546.878
Pratapgarh,209813.0,5245.325000000001,13008.405999999999,24269.0,339.76599999999996,17012.569
Pratapgarh,209813.0,5245.325000000001,13008.405999999999,24269.0,728.0699999999999,15556.428999999998
Pratapgarh,209813.0,5245.325000000001,13008.405999999999,41701.0,583.814,29232.400999999998
Pratapgarh,209813.0,5245.325000000001,13008.405999999999,41701.0,1251.03,26730.340999999997
Pratapgarh,209813.0,13218.219000000001,23708.869000000002,24269.0,339.76599999999996,17012.569
Pratapgarh,209813.0,13218.219000000001,23708.869000000002,24269.0,728.0699999999999,15556.428999999998
Pratapgarh,209813.0,13218.219000000001,23708.869000000002,41701.0,583.814,29232.400999999998
Pratapgarh,209813.0,13218.219000000001,23708.869000000002,41701.0,1251.03,26730.340999999997
Pratapgarh,711085.0,17777.125,44087.27,24269.0,339.76599999999996,17012.569
Pratapgarh,711085.0,17777.125,44087.27,24269.0,728.0699999999999,15556.428999999998
Pratapgarh,711085.0,17777.125,44087.27,41701.0,583.814,29232.400999999998
Pratapgarh,711085.0,17777.125,44087.27,41701.0,1251.03,26730.340999999997
Pratapgarh,711085.0,44798.355,80352.605,24269.0,339.76599999999996,17012.569
Pratapgarh,711085.0,44798.355,80352.605,24269.0,728.0699999999999,15556.428999999998
Pratapgarh,711085.0,44798.355,80352.605,41701.0,583.814,29232.400999999998
Pratapgarh,711085.0,44798.355,80352.605,41701.0,1251.03,26730.340999999997
Saharanpur,605082.0,34489.674,259580.17799999999,284156.0,8808.836,261423.52000000002
Muzaffarnagar,673746.0,30992.316,369886.55399999995,296104.0,9475.328,274192.304
Bijnor,683875.0,37613.125,344673.0,224648.0,7188.736,207574.752
Moradabad,,,,355518.0,11376.576000000001,332764.848
Rampur,396775.0,24600.05,223781.09999999998,143217.0,5585.463,135053.631
Jyotiba Phule Nagar,335888.0,19817.392,135362.864,115486.0,4619.4400000000005,106247.12000000001
Meerut,381520.0,15642.319999999998,202587.12000000002,422303.0,8868.363000000001,392319.487
Baghpat,246055.0,7873.76,144680.34,69991.0,2169.721,60542.215
Ghaziabad,355407.0,12794.652000000002,212533.386,836316.0,15053.688000000002,792827.568
Gautam Buddha Nagar,170835.0,4100.04,88321.695,338935.0,4406.155000000001,310125.525
Bulandshahr,658449.0,28313.306999999997,203460.741,221628.0,6205.583999999999,188383.8
Aligarh,582117.0,25031.031,124573.038,275942.0,7450.434000000001,232895.048
Mahamaya Nagar,288150.0,12102.300000000001,47544.75,84883.0,2716.256,61709.941
Mathura,407488.0,16299.52,79867.648,177802.0,4089.446,144375.22400000002
Agra,496971.0,21369.752999999997,82497.186,406852.0,7730.188,333618.63999999996
Firozabad,349747.0,23433.049000000003,39871.158,185621.0,7424.84,152394.841
Mainpuri,338475.0,25385.625,45694.125,72783.0,3202.452,54878.382
Budaun,710956.0,57587.436,149300.75999999998,156668.0,9870.084,121417.7
Bareilly,631613.0,48634.201,282962.62399999995,362798.0,14511.92,334862.554
Pilibhit,371752.0,34201.184,131971.96,89638.0,7529.592000000001,79598.544
Shahjahanpur,,,,134714.0,11046.547999999999,115719.32600000002
Kheri,754938.0,83798.118,138153.654,107672.0,9582.808,82046.064
Sitapur,827583.0,100137.54299999999,98482.37700000001,111319.0,9462.115,80149.68
Hardoi,786613.0,65288.879,136870.66199999998,121064.0,7990.224,89587.36
Unnao,,,,121039.0,6172.989,86784.963
Lucknow,344155.0,28564.865,73993.325,717566.0,29420.205999999995,629305.382
Rae Bareli,705025.0,54991.95,94473.35,73393.0,3816.436,52182.422999999995
Farrukhabad,316647.0,27231.641999999996,75678.633,94843.0,4457.621,77486.731
Kannauj,299785.0,26381.08,65053.345,65985.0,3893.1150000000002,49884.659999999996
Etawah,265643.0,20720.154,52597.314000000006,85483.0,3590.286,71292.822
Auraiya,255836.0,23025.239999999998,52190.543999999994,58438.0,2337.52,43945.376
Kanpur Dehat,363933.0,30570.372000000003,83704.59,41323.0,2438.0570000000002,27397.148999999998
Kanpur Nagar,364869.0,25175.961000000003,86109.084,684906.0,32875.488,583539.912
Jalaun,304856.0,8840.823999999999,86274.248,91565.0,3204.775,69223.13999999998
Jhansi,309592.0,6191.84,64085.543999999994,195321.0,3711.0989999999997,139849.83599999998
Lalitpur,258013.0,6966.351000000001,30961.559999999998,43819.0,1139.294,27562.151
Mahoba,198298.0,3371.0660000000003,35297.044,48525.0,776.4,26543.175000000003
Banda,378056.0,4158.616,75611.2,67569.0,1148.673,49663.215
Chitrakoot,207237.0,3730.2660000000005,24453.966,23558.0,636.066,13828.546000000002
Fatehpur,558807.0,31851.999,102261.681,77733.0,3342.519,56045.492999999995
Kaushambi,349856.0,15393.664,48280.128000000004,30764.0,1353.6160000000002,15812.696
Allahabad,983266.0,45230.236,153389.496,265304.0,7693.816,222855.36
Bara Banki,635840.0,75664.96,83930.88,79068.0,6957.984,53608.10399999999
Faizabad,510378.0,47465.15400000001,74004.81,79288.0,3885.112,60417.456
Ambedkar Nagar,501559.0,49654.341,69716.701,65031.0,6373.0380000000005,35376.864
Sultanpur,839737.0,72217.382,110005.547,49891.0,2195.204,36370.539000000004
Bahraich,698520.0,60072.719999999994,73344.59999999999,61742.0,3519.2940000000003,49084.89
Shrawasti,248770.0,16916.36,25872.08,8504.0,850.4000000000001,5357.52
Balrampur,410070.0,27474.690000000002,41827.14,35768.0,1466.4879999999998,25717.192000000003
Gonda,673578.0,76114.314,53212.662000000004,52794.0,2322.936,40704.17399999999
Siddharthnagar,480165.0,31690.890000000003,49937.16,33348.0,1734.0960000000002,15640.212
Basti,,,,31065.0,2112.42,22397.864999999998
Sant Kabir Nagar,,,,27179.0,1739.4560000000001,13507.963000000002
Mahrajganj,573046.0,50428.048,95698.68199999999,34033.0,1973.9139999999998,19875.271999999997
Gorakhpur,761958.0,67814.262,141724.18800000002,189170.0,6999.290000000001,152092.68000000002
Kushinagar,,,,42775.0,4020.85,26648.825
Deoria,597778.0,50811.130000000005,99828.92599999999,67928.0,4483.2480000000005,42387.072
Azamgarh,891024.0,80192.16,149692.032,80434.0,3860.832,51960.363999999994
Mau,352207.0,35572.907,61988.43200000001,99321.0,6753.828,63068.835
Ballia,564927.0,72310.656,125413.794,64454.0,5994.222000000001,39316.94
Jaunpur,926088.0,66678.33600000001,142617.552,80582.0,3545.608,57857.876
Ghazipur,700173.0,72817.99200000001,130232.17800000001,61467.0,4487.090999999999,40260.885
Chandauli,344937.0,23455.716,64848.156,50822.0,2337.812,35168.824
Varanasi,438935.0,29408.645,118951.38500000001,316129.0,11064.515000000001,281354.81
Sant Ravidas Nagar (Bhadohi),293510.0,18197.62,36982.26,45997.0,2621.829,25574.332000000002
Mirzapur,465152.0,22327.296000000002,89309.18400000001,77963.0,2728.7050000000004,53404.655000000006
Sonbhadra,337048.0,6066.8640000000005,46175.575999999994,91040.0,4278.88,64365.280000000006
Etah,334246.0,23397.22,30750.631999999998,67752.0,2100.312,53049.81599999999
Kanshiram Nagar,271234.0,24139.826,30378.207999999995,,,
Pashchim Champaran,839514.0,41136.186,96544.11,96620.0,7149.880000000001,52078.18
Purba Champaran,1142260.0,63966.55999999999,177050.3,101565.0,5789.205,54845.100000000006
Sheohar,158484.0,5388.456,31379.832000000002,7516.0,601.28,2773.404
Sitamarhi,,,,49670.0,3228.55,30050.35
Madhubani,1047552.0,49234.944,181226.496,41234.0,2927.6139999999996,22884.870000000003
Supaul,572287.0,28042.063000000002,52078.117,27815.0,2169.57,13017.42
Araria,,,,44213.0,2829.632,24007.658999999996
Kishanganj,401793.0,14062.755000000001,24911.166,43357.0,3425.203,22502.283
Purnia,712847.0,36355.197,61304.842,,,
Katihar,,,,69838.0,4958.498,47839.030000000006
Madhepura,486278.0,30149.236,54949.414000000004,24000.0,2088.0,12312.0
Saharsa,432651.0,28554.966,54081.375,38046.0,2815.4040000000005,25719.095999999998
Darbhanga,907174.0,73481.094,189599.36599999998,95539.0,8598.51,64011.130000000005
Muzaffarpur,998694.0,83890.296,218713.98599999998,120700.0,8207.6,93059.69999999998
Gopalganj,515925.0,41274.0,93382.42500000002,38133.0,2326.113,19371.564
Siwan,632514.0,51866.147999999994,127767.828,41858.0,2553.3379999999997,29886.612000000005
Saran,701323.0,61015.100999999995,124835.49400000002,76299.0,6027.621,45016.409999999996
Vaishali,699317.0,86015.99100000001,174829.25,51494.0,5458.364,31926.28
Samastipur,1012979.0,98258.96299999999,172206.43000000002,43486.0,2826.59,30527.172000000002
Begusarai,594377.0,68947.73199999999,151566.135,139248.0,13646.304,80346.096
Khagaria,373696.0,33258.944,81092.032,21007.0,1512.5040000000001,13927.640999999998
Bhagalpur,522527.0,45982.376000000004,131154.277,130634.0,10058.818,93664.57800000001
Banka,425604.0,28941.072000000004,47242.044,18492.0,943.092,8284.416
Munger,222281.0,17560.199,58015.341,85782.0,5747.394,63650.244
Lakhisarai,175882.0,13542.914,47136.376000000004,31763.0,2668.092,19566.007999999998
Sheikhpura,108293.0,10179.542,26315.199,24345.0,1801.5300000000002,12708.09
Nalanda,,,,102522.0,7279.061999999999,75456.192
Patna,657991.0,59877.181,181605.516,552103.0,28709.356000000003,477569.095
Bhojpur,434559.0,37806.632999999994,89084.595,77368.0,6344.1759999999995,53074.448
Buxar,299252.0,31421.46,59850.4,35405.0,3115.6400000000003,23792.16
Kaimur (Bhabua),325143.0,21134.295000000002,47145.73499999999,15299.0,703.754,10739.898000000001
Rohtas,512383.0,32792.512,108112.81300000001,95678.0,5645.002,65443.75200000001
Aurangabad,428291.0,28267.206000000002,73666.052,49006.0,2646.3240000000005,33324.08
Aurangabad,428291.0,28267.206000000002,73666.052,49006.0,686.084,42831.244000000006
Aurangabad,428291.0,28267.206000000002,73666.052,427343.0,23076.522000000004,290593.24000000005
Aurangabad,428291.0,28267.206000000002,73666.052,427343.0,5982.802,373497.78200000006
Aurangabad,428291.0,34263.28,84801.618,49006.0,2646.3240000000005,33324.08
Aurangabad,428291.0,34263.28,84801.618,49006.0,686.084,42831.244000000006
Aurangabad,428291.0,34263.28,84801.618,427343.0,23076.522000000004,290593.24000000005
Aurangabad,428291.0,34263.28,84801.618,427343.0,5982.802,373497.78200000006
Aurangabad,551789.0,36418.074,94907.708,49006.0,2646.3240000000005,33324.08
Aurangabad,551789.0,36418.074,94907.708,49006.0,686.084,42831.244000000006
Aurangabad,551789.0,36418.074,94907.708,427343.0,23076.522000000004,290593.24000000005
Aurangabad,551789.0,36418.074,94907.708,427343.0,5982.802,373497.78200000006
Aurangabad,551789.0,44143.12,109254.22200000001,49006.0,2646.3240000000005,33324.08
Aurangabad,551789.0,44143.12,109254.22200000001,49006.0,686.084,42831.244000000006
Aurangabad,551789.0,44143.12,109254.22200000001,427343.0,23076.522000000004,290593.24000000005
Aurangabad,551789.0,44143.12,109254.22200000001,427343.0,5982.802,373497.78200000006
Gaya,696289.0,55006.831,114887.68500000001,111282.0,5230.254,86577.39600000001
Nawada,,,,45323.0,2900.672,31408.838999999996
Jamui,,,,30851.0,2622.335,15086.139
Jehanabad,186660.0,16986.06,41625.18,28132.0,1941.1080000000002,19045.364
Arwal,134334.0,10478.052,30225.15,9960.0,607.56,3884.4
North  District,11543.0,427.09100000000007,8657.25,2066.0,37.188,2010.2179999999998
West District,32091.0,2535.189,26988.531,1886.0,124.476,1684.198
South District,31135.0,1836.9650000000001,26433.615,8163.0,73.46700000000001,7991.577000000001
East District,40626.0,3046.95,34857.108,41512.0,705.7040000000001,39394.888000000006
Tawang,10730.0,439.92999999999995,7446.620000000001,2452.0,14.712,2390.7
West Kameng,17889.0,447.225,6958.821,,,
East Kameng,14503.0,377.07800000000003,3190.66,5215.0,130.375,3337.6
Papum Pare,,,,30180.0,1056.3000000000002,27675.06
Upper Subansiri,14542.0,363.55,5002.447999999999,4672.0,56.064,3975.872
West Siang,22272.0,178.17600000000002,15835.392,8503.0,178.56300000000002,8128.8679999999995
East Siang,,,,9524.0,409.532,8638.268
Upper Siang,8569.0,34.276,4824.347,2182.0,24.002000000000002,1749.9640000000002
Changlang,33422.0,568.1740000000001,21824.566000000003,6498.0,51.984,5932.673999999999
Tirap,18420.0,184.20000000000002,15767.52,6500.0,97.5,5973.5
Lower Subansiri,18112.0,271.68,12334.271999999999,,,
Kurung Kumey,18603.0,2325.375,4371.705,1092.0,55.69199999999999,880.1519999999999
Dibang Valley,2055.0,147.96,1329.585,1175.0,65.8,965.85
Lower Dibang Valley,12000.0,384.0,5760.0,3950.0,146.15000000000003,3499.7
Lohit,33599.0,2015.9399999999998,16631.505,11372.0,409.39200000000005,10143.824
Anjaw,6025.0,361.5,1668.9249999999997,,,
Mon,43607.0,610.4979999999999,27341.589,7415.0,415.23999999999995,6984.93
Mokokchung,37536.0,187.68,36147.168,,,
Zunheboto,31267.0,531.539,22418.439000000002,6044.0,12.088000000000001,5705.536
Wokha,38499.0,384.99,22906.905,8170.0,16.34,7900.39
Dimapur,49116.0,1571.712,44990.255999999994,62853.0,1319.913,60841.704
Phek,38903.0,933.672,29332.862,7295.0,29.18,6828.12
Tuensang,,,,9451.0,292.981,8392.488
Longleng,12686.0,279.09200000000004,8753.34,2451.0,137.25599999999997,1855.407
Kiphire,16032.0,160.32,5867.7119999999995,4290.0,17.16,4088.37
Kohima,31845.0,191.07,16623.09,44255.0,840.845,40714.6
Peren,20204.0,181.836,15577.283999999998,4073.0,85.533,3783.817
Senapati,38008.0,836.176,27555.8,1826.0,32.868,1782.176
Tamenglong,23982.0,2014.488,15924.048,4119.0,428.37600000000003,3983.0730000000003
Churachandpur,52972.0,1218.356,43595.956,4853.0,111.619,4794.764
Bishnupur,34977.0,2063.643,31864.047,21172.0,868.0519999999999,19986.368000000002
Thoubal,65961.0,3627.855,60486.237,38302.0,1991.7040000000002,36042.182
Imphal West,51055.0,2705.915,46970.6,85746.0,3772.8240000000005,82916.38200000001
Imphal East,64421.0,2963.366,58558.689,46520.0,1488.64,44426.6
Ukhrul,36084.0,1876.3680000000002,29011.536,5806.0,243.852,5579.566
Chandel,30377.0,1245.4569999999999,23420.666999999998,3783.0,590.148,3665.7270000000003
Mamit,16726.0,986.8340000000001,13899.305999999999,4129.0,41.29,4075.323
Kolasib,9669.0,212.71800000000002,9253.233,12507.0,300.168,12081.761999999999
Aizawl,20570.0,349.69,20035.18,80341.0,562.387,79778.613
Champhai,18395.0,882.96,17456.855,12717.0,190.755,12386.358000000002
Serchhip,7472.0,463.264,7203.008000000001,8018.0,769.7280000000001,7969.892000000001
Lunglei,21479.0,837.681,17290.595,17315.0,138.52,16830.18
Lawngtlai,21993.0,1143.6360000000002,13305.765,,,
Saiha,7043.0,366.23600000000005,6127.41,5784.0,133.032,5645.184
West Tripura,289621.0,11584.84,246757.092,217016.0,7812.576000000001,212892.696
South Tripura,219171.0,9862.695,181035.24599999998,44906.0,1616.6160000000002,44007.88
Dhalai,89457.0,6440.904,59399.448000000004,14071.0,1266.3899999999999,13564.444000000001
North Tripura,150437.0,12486.271,122606.155,42184.0,2995.064,40918.479999999996
West Garo Hills,139351.0,7664.305,78454.613,18594.0,1171.422,17459.766
East Garo Hills,62698.0,2257.128,49719.513999999996,11518.0,138.216,11137.906
South Garo Hills,35930.0,1437.2,22779.62,3713.0,100.251,3245.1620000000003
West Khasi Hills,74832.0,6884.544,30531.456,12299.0,565.754,11130.595000000001
Ribhoi,57988.0,3421.2920000000004,37170.308,5736.0,177.816,5242.704000000001
East Khasi Hills,106248.0,9881.064000000002,47067.863999999994,108843.0,2285.703,105468.86700000001
Jaintia Hills,76546.0,6429.8640000000005,33374.056,7171.0,150.591,6891.331
Kokrajhar,204896.0,26636.48,51019.104,17115.0,804.405,15420.614999999998
Dhubri,460602.0,81065.952,179634.78,60417.0,7370.874,48394.01699999999
Goalpara,,,,39504.0,3160.32,33578.4
Barpeta,447189.0,84071.532,312137.92199999996,52192.0,3862.2080000000005,48434.176
Morigaon,232206.0,34366.488000000005,132821.83200000002,25275.0,2325.3,22823.325
Nagaon,674999.0,93149.86200000001,485999.27999999997,124186.0,7326.974,118225.07200000001
Sonitpur,483325.0,49299.149999999994,265828.75,64528.0,2903.7599999999998,61301.6
Lakhimpur,293239.0,28444.182999999997,157469.34300000002,34694.0,1908.17,32855.218
Dhemaji,211758.0,21175.800000000003,85338.47399999999,16504.0,1188.2880000000002,15777.823999999999
Tinsukia,290704.0,14535.2,224714.192,90910.0,4545.5,85909.95
Dibrugarh,299852.0,17091.564000000002,222490.184,77163.0,3163.6829999999995,74385.13200000001
Sivasagar,360182.0,21971.102,258970.85800000004,45047.0,1756.833,41983.804000000004
Jorhat,286330.0,23192.73,168648.37,80824.0,3232.96,76136.208
Golaghat,292893.0,23138.547,190673.34299999996,34190.0,1435.98,33403.63
Karbi Anglong,215691.0,9274.713,104610.135,37185.0,1338.66,35139.825
Dima Hasao,37610.0,1692.45,21475.31,21309.0,703.197,20584.494
Cachar,346227.0,42239.693999999996,268672.15199999994,88933.0,5424.913,85197.814
Karimganj,261945.0,39029.805,219247.96500000003,32695.0,2844.4649999999997,31844.930000000004
Hailakandi,159215.0,26748.120000000003,130397.085,16202.0,1231.3519999999999,15894.162
Bongaigaon,181923.0,22740.375,89506.11600000001,38470.0,1654.2099999999998,35238.52
Chirang,129018.0,14062.962,30964.32,11613.0,1718.7240000000002,9859.437000000002
Kamrup,390596.0,48043.308000000005,222639.71999999997,43849.0,3727.1650000000004,34509.163
Kamrup Metropolitan,61334.0,6194.7339999999995,39683.098,366858.0,14307.462,355852.26
Nalbari,210706.0,20017.07,134219.722,28238.0,2400.23,25442.438
Baksa,291641.0,32663.791999999998,112865.06700000001,3580.0,268.5,3368.7799999999997
Darrang,268517.0,47796.026000000005,127814.092,20189.0,1736.254,18533.501999999997
Udalguri,267790.0,28653.53,111132.84999999999,,,
Darjiling,303284.0,24262.72,158617.532,215675.0,11430.775,187637.25
Jalpaiguri,798378.0,127740.48,296198.238,,,
Koch Bihar,803407.0,101229.282,447497.699,,,
Uttar Dinajpur,683981.0,84813.644,140900.086,94269.0,13763.274,75980.814
Dakshin Dinajpur,390949.0,46522.931000000004,107510.975,70077.0,6517.161000000001,64190.53199999999
Maldah,830318.0,93825.93400000001,210900.772,,,
Murshidabad,1501066.0,255181.22000000003,520869.90200000006,350899.0,40704.284,216855.582
Birbhum,831044.0,129642.864,155405.228,134565.0,12514.545000000002,82892.04
Barddhaman,1364868.0,128297.592,629204.148,862368.0,54329.184,616593.12
Nadia,1081381.0,168695.436,771024.6529999999,468390.0,49649.34,437007.87
North Twenty Four Parganas,1209337.0,238239.38899999997,954166.893,1649803.0,89089.36200000001,1550814.8199999998
Hugli,992085.0,116073.94499999999,596243.085,647953.0,34341.509,575382.264
Bankura,900515.0,105360.25499999999,148584.975,90885.0,8088.765000000001,54894.54
Puruliya,653219.0,48338.206000000006,39846.359,99433.0,6662.011,50611.397
Haora,483384.0,67190.376,290997.168,869313.0,56505.345,725876.355
Kolkata,0.0,,,1308106.0,35318.862,1241392.594
South Twenty Four Parganas,1568802.0,254145.924,862841.1000000001,,,
Paschim Medinipur,1364335.0,180092.22,571656.365,201048.0,16686.984,155209.056
Purba Medinipur,1193006.0,215934.08600000004,1021213.1359999999,,,
Garhwa,272872.0,12552.112,13370.728000000001,,,
Chatra,200974.0,9043.83,13264.284000000001,14528.0,595.6479999999999,9544.896
Kodarma,116714.0,4901.988,8870.264,34771.0,1877.6340000000002,17489.813
Giridih,452564.0,14029.484,26248.712,46886.0,1594.124,28741.118
Deoghar,257373.0,13126.023,14155.515,64337.0,2702.154,43942.170999999995
Godda,276454.0,25433.768,21839.866,15576.0,654.192,10108.824
Sahibganj,223450.0,16311.849999999999,20557.4,37543.0,2928.354,20385.849
Pakur,200588.0,14241.748,14642.923999999999,16587.0,945.4590000000001,7712.955000000001
Dhanbad,258764.0,12161.908,31569.208,405455.0,15812.745,240434.815
Bokaro,250312.0,10262.792,16520.592,258452.0,8270.464,162049.404
Lohardaga,,,,14725.0,647.9000000000001,10381.125
Purbi Singhbhum,262537.0,15227.145999999999,35705.032,342126.0,7868.898,276095.68200000003
Palamu,355529.0,22398.327,26309.146000000004,52375.0,2828.2500000000005,30534.624999999996
Latehar,146377.0,3220.2940000000003,10539.144000000002,14137.0,706.85,7888.445999999999
Hazaribagh,312983.0,10328.439,29107.419000000005,68765.0,2062.95,50542.275
Ramgarh,134067.0,5094.546,14747.37,118558.0,4268.088000000001,71134.8
Dumka,303697.0,18221.82,18829.214,23281.0,1164.05,14946.402
Jamtara,165555.0,8112.195000000001,7284.420000000001,20113.0,663.729,12087.913
Ranchi,420740.0,12622.199999999999,55537.68,310242.0,12719.921999999999,245401.422
Khunti,,,,,,
Gumla,216629.0,6282.241,13864.256,16445.0,822.25,11264.825
Simdega,144169.0,4180.901,7064.281,11114.0,444.56,5934.876
Pashchimi Singhbhum,336928.0,13477.12,12466.336000000001,63396.0,2852.8199999999997,37340.244
Saraikela-Kharsawan,217248.0,7820.928000000001,13903.872,,,
Bargarh,411566.0,34983.11,50622.618,47395.0,2227.565,25688.09
Jharsuguda,103224.0,6090.216,9703.056,73962.0,4141.871999999999,39643.632000000005
Sambalpur,,,,94798.0,4929.496,56404.81
Debagarh,91408.0,12248.672,5393.072,7350.0,404.25,3770.55
Sundargarh,387911.0,22498.838,32584.524,230151.0,10126.644,150748.905
Kendujhar,,,,83664.0,6442.128,42501.312
Mayurbhanj,689110.0,59263.45999999999,103366.5,64479.0,5222.799,41266.56
Baleshwar,601154.0,69733.864,136461.95799999998,82440.0,5935.68,56059.200000000004
Bhadrak,,,,54244.0,4014.0560000000005,28098.392
Kendrapara,414749.0,31106.175,65530.342000000004,23494.0,2067.472,13579.532
Jagatsinghapur,309685.0,21987.635,68440.385,43047.0,1592.7390000000003,19285.055999999997
Cuttack,579529.0,58532.429,129814.49599999998,210768.0,13489.152,164399.04
Jajapur,495611.0,72359.20599999999,98626.58899999999,45528.0,3186.9600000000005,27863.136
Dhenkanal,,,,36979.0,2810.404,22113.442
Anugul,340410.0,40849.2,56848.469999999994,,,
Nayagarh,261646.0,31920.811999999998,41601.714,26688.0,2028.288,14891.903999999999
Khordha,331834.0,28205.890000000003,60725.621999999996,356895.0,18201.645,273381.56999999995
Puri,402014.0,45025.56799999999,62714.184,72210.0,4188.179999999999,52929.93
Ganjam,795476.0,75570.22,151935.916,219918.0,11435.736,143606.454
Gajapati,152095.0,8973.605000000001,19316.065,,,
Kandhamal,218446.0,14417.436000000002,13762.098,24489.0,1567.296,13836.284999999998
Baudh,131377.0,6174.719,11823.93,6577.0,355.158,3374.001
Subarnapur,176927.0,12738.744,13977.233,16575.0,961.3499999999999,6464.25
Balangir,476770.0,33373.9,48153.77,62192.0,4229.0560000000005,36133.551999999996
Nuapada,197258.0,9468.384,25051.766,11869.0,771.485,5744.596
Kalahandi,456336.0,42895.584,37419.551999999996,38412.0,2650.4280000000003,22586.255999999998
Rayagada,237343.0,13528.551000000001,15664.638,49205.0,2115.815,29769.024999999998
Nabarangapur,342840.0,15084.960000000001,19884.719999999998,29424.0,1441.776,15712.416000000001
Koraput,381789.0,20234.817,31306.697999999997,78339.0,4386.9839999999995,50842.011
Malkangiri,167884.0,12423.416000000001,10073.039999999999,15839.0,1330.476,7555.203
Koriya,121852.0,2680.744,10357.42,59763.0,776.9190000000001,35439.458999999995
Surguja,,,,65167.0,1042.672,39947.371
Jashpur,,,,20722.0,248.66400000000002,8744.684000000001
Raigarh,,,,66638.0,1999.1399999999999,38183.574
Raigarh,,,,66638.0,733.018,53976.780000000006
Raigarh,,,,377160.0,11314.8,216112.68
Raigarh,,,,377160.0,4148.76,305499.60000000003
Raigarh,,,,66638.0,1999.1399999999999,38183.574
Raigarh,,,,66638.0,733.018,53976.780000000006
Raigarh,,,,377160.0,11314.8,216112.68
Raigarh,,,,377160.0,4148.76,305499.60000000003
Raigarh,581868.0,27929.664,75642.84,66638.0,1999.1399999999999,38183.574
Raigarh,581868.0,27929.664,75642.84,66638.0,733.018,53976.780000000006
Raigarh,581868.0,27929.664,75642.84,377160.0,11314.8,216112.68
Raigarh,581868.0,27929.664,75642.84,377160.0,4148.76,305499.60000000003
Raigarh,581868.0,20947.248000000003,296170.812,66638.0,1999.1399999999999,38183.574
Raigarh,581868.0,20947.248000000003,296170.812,66638.0,733.018,53976.780000000006
Raigarh,581868.0,20947.248000000003,296170.812,377160.0,11314.8,216112.68
Raigarh,581868.0,20947.248000000003,296170.812,377160.0,4148.76,305499.60000000003
Korba,206598.0,6611.136,24585.162,,,
Janjgir - Champa,379583.0,21256.647999999997,41754.13,61190.0,2325.22,27168.36
Kabeerdham,187311.0,11613.282,16857.989999999998,23868.0,1217.268,11814.66
Rajnandgaon,313604.0,10662.536,58016.74,76528.0,1913.2,40712.896
Durg,,,,349741.0,7694.302000000001,218937.866
Raipur,673499.0,39736.441000000006,86881.371,395001.0,11455.028999999999,256750.65000000002
Mahasamund,274793.0,12640.478,41768.536,35774.0,1466.734,17922.774
Dhamtari,168689.0,7084.938,40822.738,41792.0,1462.72,22400.512000000002
Uttar Bastar Kanker,169191.0,5075.73,25040.268000000004,24878.0,796.096,15150.702
Bastar,316425.0,10758.45,43983.075000000004,54894.0,1591.926,33485.34
Narayanpur,26916.0,1184.304,1103.5559999999998,6179.0,135.93800000000002,2731.118
Dakshin Bastar Dantewada,106545.0,3409.44,7671.240000000001,31304.0,907.8159999999999,15589.392
Bijapur,50449.0,2118.858,1362.123,7942.0,246.202,2231.702
Bijapur,50449.0,2118.858,1362.123,7942.0,230.31799999999998,4725.49
Bijapur,50449.0,2118.858,1362.123,131041.0,4062.271,36822.521
Bijapur,50449.0,2118.858,1362.123,131041.0,3800.189,77969.39499999999
Bijapur,50449.0,3430.532,2522.4500000000003,7942.0,246.202,2231.702
Bijapur,50449.0,3430.532,2522.4500000000003,7942.0,230.31799999999998,4725.49
Bijapur,50449.0,3430.532,2522.4500000000003,131041.0,4062.271,36822.521
Bijapur,50449.0,3430.532,2522.4500000000003,131041.0,3800.189,77969.39499999999
Bijapur,396449.0,16650.858,10704.123000000001,7942.0,246.202,2231.702
Bijapur,396449.0,16650.858,10704.123000000001,7942.0,230.31799999999998,4725.49
Bijapur,396449.0,16650.858,10704.123000000001,131041.0,4062.271,36822.521
Bijapur,396449.0,16650.858,10704.123000000001,131041.0,3800.189,77969.39499999999
Bijapur,396449.0,26958.532000000003,19822.45,7942.0,246.202,2231.702
Bijapur,396449.0,26958.532000000003,19822.45,7942.0,230.31799999999998,4725.49
Bijapur,396449.0,26958.532000000003,19822.45,131041.0,4062.271,36822.521
Bijapur,396449.0,26958.532000000003,19822.45,131041.0,3800.189,77969.39499999999
Sheopur,150146.0,7957.737999999999,8708.467999999999,26376.0,844.032,15087.072000000002
Morena,319298.0,16603.496000000003,21392.966,95288.0,2001.0480000000002,70322.544
Bhind,271211.0,12475.706,25222.623000000003,88385.0,2209.625,59483.104999999996
Gwalior,172720.0,7772.4,29880.56,272172.0,5443.4400000000005,236789.63999999998
Datia,160453.0,4332.231000000001,18131.189000000002,43401.0,1302.03,27386.031
Shivpuri,367859.0,15450.078000000001,20600.104,66759.0,1869.2519999999997,43860.663
Tikamgarh,322772.0,9360.387999999999,12588.108,60220.0,1625.9400000000003,27219.440000000002
Chhatarpur,375869.0,9772.594000000001,19545.188000000002,95048.0,1520.768,55032.791999999994
Panna,256744.0,7702.32,12837.2,32179.0,740.117,17312.301999999996
Sagar,448408.0,21075.176,50221.695999999996,165507.0,4137.675,107083.02900000001
Damoh,303387.0,15169.35,17899.833000000002,66514.0,1928.906,37380.868
Satna,461831.0,10160.282000000001,105297.46800000001,114173.0,2625.979,69074.665
Rewa,523910.0,11002.11,93255.98000000001,94489.0,2267.736,56220.954999999994
Umaria,138100.0,5800.200000000001,8009.799999999999,29966.0,629.2860000000001,16541.232
Neemuch,174235.0,4878.58,22999.02,67962.0,951.4679999999998,43223.832
Mandsaur,302287.0,6952.601,40204.171,81832.0,1391.144,55809.424000000006
Ratlam,266716.0,9335.060000000001,35739.944,107151.0,1500.1139999999998,88721.02799999999
Ujjain,300765.0,11429.07,53836.935,188684.0,3584.996,157739.824
Shajapur,312611.0,13754.884000000002,41889.874,73997.0,1775.928,49355.999
Dewas,274995.0,17049.69,59673.915,101014.0,2626.364,78083.822
Dhar,412348.0,19380.356,79170.816,103364.0,3100.92,78970.096
Indore,200371.0,9217.066,83153.965,587947.0,15874.569000000001,530916.1410000001
Khargone (West Nimar),383543.0,24163.209,49860.590000000004,76620.0,2451.84,56545.56
Barwani,250358.0,13018.616000000002,25786.874000000003,48912.0,2005.3919999999998,32330.831999999995
Rajgarh,331894.0,21573.11,25887.732,69823.0,2234.3360000000002,42592.03
Vidisha,292579.0,8777.369999999999,33646.585,83830.0,1760.43,59938.45
Bhopal,118893.0,5112.398999999999,25561.995,581826.0,15127.476,488152.014
Sehore,270427.0,17848.182,58682.659,59220.0,1480.5,46843.02
Raisen,251272.0,18091.584000000003,46485.32,,,
Betul,318945.0,15309.36,41143.905,87704.0,2631.12,62796.064
Harda,112714.0,8678.978,43169.46199999999,31845.0,1401.18,25253.085
Hoshangabad,209650.0,21384.3,70861.7,105746.0,3595.364,85231.276
Katni,276151.0,12150.644000000002,23748.985999999997,72880.0,1749.1200000000001,47955.03999999999
Jabalpur,272284.0,15520.188,72972.11200000001,352477.0,10221.832999999999,282686.554
Narsimhapur,,,,53059.0,3130.481,38096.362
Dindori,218021.0,5886.567000000001,8066.777000000001,9774.0,537.57,5405.021999999999
Mandla,279674.0,12025.981999999998,18738.158,37258.0,1490.32,24254.957999999995
Chhindwara,413142.0,21070.242,50816.46600000001,140802.0,5209.674000000001,93351.726
Seoni,335045.0,16417.205,50926.84,47542.0,1663.9700000000003,35133.53800000001
Balaghat,400074.0,21603.996000000003,46808.657999999996,70793.0,2406.962,44670.383
Guna,212765.0,6170.1849999999995,15744.610000000002,72320.0,2386.56,43102.72
Ashoknagar,169606.0,4579.362000000001,11872.420000000002,37135.0,631.2950000000001,20907.004999999997
Shahdol,233594.0,6774.226,17753.144,57846.0,1561.842,36847.902
Anuppur,,,,,,
Sidhi,,,,25916.0,388.74,12698.84
Singrauli,228732.0,4345.907999999999,5032.104,58593.0,1523.4180000000001,30526.953
Jhabua,211080.0,10765.08,12242.64,24713.0,444.83400000000006,18979.584
Alirajpur,135866.0,5434.64,6793.3,14662.0,381.21200000000005,11040.486
Khandwa (East Nimar),265663.0,21253.04,46225.361999999994,63425.0,2790.7000000000003,43953.524999999994
Burhanpur,115979.0,7422.656,21456.114999999998,62861.0,2451.579,43122.64599999999
Kachchh,488293.0,5371.223000000001,240240.15600000002,250982.0,2509.82,220613.178
Banas Kantha,666773.0,26670.920000000002,114018.183,137424.0,2061.36,107190.72
Patan,301483.0,11456.354,108232.397,102655.0,1539.825,84587.72
Mahesana,476005.0,12376.130000000001,211346.22,183738.0,2388.594,156177.3
Sabar Kantha,544024.0,11424.504,169191.464,,,
Gandhinagar,237624.0,5465.352,101703.072,195634.0,2543.242,158072.272
Ahmadabad,353169.0,7063.38,116192.60099999998,1845383.0,11072.298,1699597.7429999998
Surendranagar,340788.0,7838.124,70883.90400000001,159810.0,2237.3399999999997,111867.0
Rajkot,459474.0,6892.11,202168.56,721532.0,7936.852000000001,624125.18
Jamnagar,347158.0,5554.528,120810.984,299167.0,2991.67,250701.946
Porbandar,96015.0,2208.345,37541.865,87557.0,1138.2410000000002,67769.118
Junagadh,489237.0,8317.029,225049.02000000002,287506.0,4025.0839999999994,246392.642
Amreli,313714.0,5333.138000000001,163444.994,116899.0,1168.99,91648.816
Bhavnagar,387251.0,5808.764999999999,124307.571,356826.0,3925.0860000000002,291170.016
Anand,413078.0,8674.638,170601.21399999998,208909.0,2715.8170000000005,173394.47
Kheda,461479.0,11536.975,117215.666,160547.0,2408.205,126029.395
Panch Mahals,463363.0,12047.438000000002,78771.71,104238.0,1146.6180000000002,87664.158
Dohad,323697.0,6797.637000000001,19745.517,52807.0,580.8770000000001,37915.426
Vadodara,547454.0,10949.08,156024.38999999998,692971.0,5543.768,636840.349
Narmada,138121.0,1795.573,22099.36,22248.0,422.712,16619.256
Bharuch,,,,181319.0,1087.914,162099.18600000002
The Dangs,52102.0,573.1220000000001,13181.806,7516.0,52.611999999999995,4344.248
Navsari,267739.0,3748.3459999999995,119143.855,141417.0,1272.7530000000002,121194.36899999999
Valsad,,,,235981.0,2123.829,179345.56
Surat,369840.0,4438.08,184550.16,1529998.0,7649.99,1435138.1239999998
Tapi,192272.0,1922.72,44222.560000000005,,,
Diu,9788.0,29.364,4238.204,9062.0,18.124,6769.314
Daman,,,,61073.0,366.438,53011.364
Dadra AND Nagar Haveli,48221.0,,,60562.0,,
Nandurbar,333440.0,13004.16,74357.12,71572.0,2361.876,45448.22
Dhule,382777.0,13014.418000000001,71579.299,146013.0,2336.208,95346.489
Jalgaon,796223.0,43792.265,179946.39800000002,373565.0,6350.6050000000005,242443.685
Buldana,575405.0,38552.135,167442.855,152787.0,5347.545,93047.283
Akola,308158.0,21879.217999999997,95220.822,196077.0,7254.849000000001,141763.671
Washim,274925.0,18419.975000000002,75604.375,55921.0,1453.9460000000001,37634.833
Amravati,,,,272894.0,7913.9259999999995,214494.68399999998
Wardha,268486.0,25506.170000000002,126725.392,120218.0,4448.066000000001,94250.912
Nagpur,430844.0,35760.052,198619.084,877522.0,24570.615999999998,789769.8
Bhandara,283843.0,22991.283,158384.39399999997,72575.0,2467.55,61180.725
Gondiya,319702.0,16624.504,151858.44999999998,66813.0,2204.829,51646.449
Gadchiroli,293586.0,25541.982,65176.092000000004,37254.0,1490.16,24550.386000000002
Chandrapur,451324.0,50548.28799999999,131335.284,233331.0,7933.254000000001,167298.32700000002
Yavatmal,629243.0,50968.683000000005,137174.974,168889.0,6586.671,115182.29800000001
Nanded,591119.0,46107.282,113494.848,230563.0,9222.52,168772.116
Hingoli,242456.0,14547.359999999999,65220.66399999999,41913.0,1299.3029999999999,27536.841
Parbhani,293480.0,24358.84,39032.840000000004,133759.0,5885.396000000001,89484.77100000001
Jalna,404746.0,27927.474000000002,118185.832,98084.0,3040.604,68854.96800000001
Nashik,904661.0,50661.015999999996,265065.673,764271.0,19106.775,528111.2609999999
Thane,713994.0,41411.651999999995,283455.618,2904157.0,31945.727000000003,2163596.965
Mumbai Suburban,0.0,,,3078829.0,43103.60599999999,1684119.4630000002
Mumbai,0.0,,,,,
Pune,1165718.0,57120.182,720413.724,2056739.0,26737.607000000004,1655674.895
Ahmadnagar,1041393.0,77063.08200000001,407184.663,282011.0,7050.275000000001,207560.096
Bid,563114.0,45049.12,86719.556,135457.0,3928.2529999999997,93600.787
Latur,428616.0,24431.112,106296.768,157016.0,4082.416,122315.464
Osmanabad,367158.0,22763.796,81509.076,77832.0,2179.296,44986.89599999999
Solapur,779929.0,60834.462,250357.209,376302.0,7149.737999999999,229167.918
Satara,774522.0,41049.666,542939.922,200949.0,5425.6230000000005,151515.546
Ratnagiri,538538.0,22080.057999999997,361897.536,100824.0,1915.656,82675.68
Sindhudurg,295847.0,13608.962,220110.16800000003,44989.0,1349.6699999999998,39050.452
Kolhapur,,,,382818.0,4593.816,285965.046
Sangli,626872.0,31970.471999999998,379257.56,226801.0,5443.224,175997.57599999997
Adilabad,,,,220248.0,6166.9439999999995,155715.336
Nizamabad,565165.0,24302.094999999998,166158.50999999998,155133.0,3412.9260000000004,132638.715
Karimnagar,877236.0,44739.036,300014.712,288044.0,5184.792,243109.13600000003
Medak,593653.0,26120.732000000004,188781.654,195479.0,2345.748,165375.234
Hyderabad,0.0,,,1066289.0,9596.601,1050294.665
Rangareddy,432098.0,9506.156,187962.63,1129224.0,7904.567999999999,1084055.04
Mahbubnagar,848963.0,52635.706,151964.377,161052.0,2737.884,125781.612
Nalgonda,833504.0,49176.736000000004,265887.776,197433.0,3356.3610000000003,160315.59600000002
Warangal,758738.0,64492.73,225345.186,288249.0,8359.221,237517.176
Khammam,669262.0,34801.624,250303.988,201363.0,4429.986000000001,171964.002
Srikakulam,752752.0,26346.320000000003,96352.25600000001,149684.0,2544.628,98641.75600000001
Vizianagaram,592458.0,19551.114,63393.006,157056.0,2984.064,104285.18400000001
Visakhapatnam,718847.0,23003.104,153833.258,660493.0,7265.423000000001,551511.655
East Godavari,1199479.0,46779.681,563755.13,406362.0,6908.154,354754.026
West Godavari,1007255.0,48348.24,593273.195,248373.0,5464.206,220306.851
Krishna,909292.0,40008.848000000005,511022.10400000005,567042.0,9639.714,527349.06
Guntur,1069877.0,44934.834,497492.80500000005,513113.0,9749.146999999999,442816.519
Prakasam,873486.0,36686.412000000004,244576.08000000002,,,
Sri Potti Sriramulu Nellore,689137.0,29632.890999999996,175729.935,264376.0,5023.144,208328.28799999997
Y.S.R.,590589.0,15355.314000000002,167727.27599999998,293504.0,3228.5440000000003,232161.664
Kurnool,783853.0,25867.149,216343.428,306982.0,4297.748,223175.914
Anantapur,902997.0,26186.912999999997,198659.34,,,
Chittoor,,,,395900.0,4750.8,322658.5
Belgaum,962777.0,45250.519,178113.745,356198.0,6767.762,257887.35200000004
Bagalkot,324799.0,16889.548000000003,23385.528000000002,165858.0,6136.746000000001,70489.65
Bidar,287134.0,14356.7,25267.792,102269.0,3068.0699999999997,69645.189
Raichur,330446.0,23461.665999999997,33044.6,125402.0,4514.472000000001,63202.608
Koppal,272968.0,14194.336000000001,32756.16,64681.0,2393.197,31305.604
Gadag,180066.0,9183.366,16566.072,111906.0,3804.804,47336.238
Dharwad,199707.0,7788.573,46132.317,283397.0,5667.9400000000005,232385.53999999998
Uttara Kannada,334281.0,21393.984,169146.18600000002,140511.0,4496.352,113251.866
Haveri,315076.0,15753.800000000001,88851.43199999999,98488.0,2856.1519999999996,68646.13600000001
Bellary,371604.0,20066.616,44964.083999999995,251876.0,7556.28,159941.26
Chitradurga,349704.0,20632.536,66793.464,97644.0,1952.88,72158.91600000001
Davanagere,354680.0,20571.44,105694.64,176011.0,4928.307999999999,142392.899
Shimoga,352444.0,25728.411999999997,217810.392,201662.0,6453.184,176857.574
Udupi,269817.0,11332.314,225567.012,115572.0,2427.012,110949.12
Chikmagalur,311660.0,17141.3,168608.06,80766.0,2342.214,72204.804
Tumkur,685443.0,39755.693999999996,125436.069,204799.0,5119.975,168959.175
Bangalore,300576.0,7514.400000000001,224830.848,2967384.0,32641.224000000002,2872427.712
Mandya,458867.0,20649.015,126188.42500000002,103435.0,3206.485,88850.66500000001
Hassan,496103.0,30758.386,132459.50100000002,132878.0,3189.072,119457.322
Dakshina Kannada,332919.0,12318.003000000002,293301.63899999997,317373.0,5077.968,309756.048
Kodagu,181182.0,8334.372,142771.416,31792.0,1017.344,30838.239999999998
Mysore,540596.0,28651.588,145960.92,380386.0,8368.492,358323.612
Chamarajanagar,262680.0,18387.600000000002,40452.72,57200.0,2574.0,36779.6
Gulbarga,400704.0,14826.048000000003,18031.68,199303.0,2989.545,135924.646
Yadgir,207787.0,11428.285,8934.840999999999,55208.0,1601.032,22193.616
Kolar,326567.0,16654.916999999998,83274.585,151042.0,2416.672,121135.68400000001
Chikkaballapura,315649.0,15466.801000000001,72599.27,94053.0,1504.848,79286.679
Bangalore Rural,231052.0,8548.924,174444.26,95410.0,1621.97,87109.32999999999
Ramanagara,266950.0,18152.600000000002,74746.0,84834.0,2714.688,75078.09
North Goa,115859.0,2085.4620000000004,79595.133,209230.0,2301.53,178473.19
South Goa,88620.0,1772.4,65401.56,162873.0,2443.095,138767.796
Lakshadweep,5289.0,,,15953.0,,
Kasaragod,251641.0,19124.716,223457.208,166164.0,4486.428000000001,160514.424
Kannur,306288.0,18989.856,294955.344,566191.0,11890.011,557698.135
Wayanad,266183.0,23956.469999999998,244089.81100000002,11805.0,649.275,11250.164999999999
Kozhikode,323793.0,21370.338,314079.20999999996,666543.0,23995.548000000003,654545.226
Malappuram,634543.0,26650.806,612333.995,522586.0,13064.650000000001,514747.21
Palakkad,665899.0,35958.546,587322.918,228442.0,7538.586,216791.458
Thrissur,336748.0,17174.147999999997,326308.81200000003,715119.0,29319.878999999997,702961.977
Ernakulam,369694.0,18484.7,358233.48600000003,804997.0,24954.907,791312.051
Idukki,391610.0,32503.63,347358.07,20823.0,291.522,20677.239
Kottayam,481967.0,22170.482,462688.32,196194.0,5101.044000000001,192662.508
Alappuzha,331419.0,25519.263,301259.871,392117.0,25487.605,371334.799
Pathanamthitta,414992.0,20334.608,388847.504,57848.0,1619.744,55534.079999999994
Kollam,523715.0,39278.625,487054.95,401415.0,22077.825,386964.06000000006
Thiruvananthapuram,559293.0,57047.886,513990.26700000005,609824.0,37199.263999999996,587260.512
Thiruvallur,387237.0,12778.821,109588.07100000001,732196.0,7321.96,650190.048
Chennai,0.0,,,1314125.0,11827.125000000002,1256303.5
Kancheepuram,438799.0,10092.377,128568.10699999999,774705.0,6197.64,663147.48
Vellore,653499.0,15030.476999999999,125471.808,486801.0,7302.014999999999,346602.31200000003
Tiruvannamalai,563102.0,12951.346,70387.75,147061.0,1911.7930000000001,95736.71099999998
Viluppuram,808042.0,16160.84,106661.54400000001,159272.0,2389.08,104482.43199999999
Salem,572813.0,13174.699,83630.69799999999,597539.0,7768.0070000000005,328048.91099999996
Namakkal,370357.0,6666.426,115551.384,257127.0,3085.524,140391.342
Erode,411286.0,8225.72,138603.382,432398.0,4756.378000000001,275869.924
The Nilgiris,112126.0,2354.646,47429.297999999995,151979.0,2887.601,89515.631
Dindigul,443818.0,7988.724000000001,83881.60199999998,269724.0,3776.1359999999995,154821.576
Karur,212241.0,4669.302000000001,48815.43,152420.0,1371.7800000000002,102273.81999999999
Tiruchirappalli,452707.0,10864.968,108649.68,423020.0,5076.24,313880.84
Perambalur,155413.0,3419.0860000000002,24244.428,33179.0,298.61100000000005,18314.808
Ariyalur,223955.0,7614.47,31801.609999999997,30322.0,606.44,15555.186
Cuddalore,497429.0,11938.296,98988.37099999998,260780.0,3911.7,178895.08
Nagapattinam,399016.0,12768.512,124492.992,118724.0,2849.376,82750.62800000001
Thiruvarur,321331.0,13174.570999999998,101219.265,86848.0,1476.4160000000002,63225.344
Thanjavur,479070.0,21558.149999999998,137972.16,274302.0,5486.04,205177.896
Pudukkottai,399712.0,16787.904000000002,70749.02399999999,104229.0,1667.664,72230.697
Sivaganga,309224.0,9276.72,73904.536,143193.0,2004.7019999999998,112406.505
Madurai,417718.0,8772.078000000001,86467.62599999999,592723.0,4741.784,502629.104
Theni,189328.0,3975.8880000000004,46953.344,221295.0,2876.835,115073.40000000001
Virudhunagar,363782.0,6184.294000000001,53112.172,370942.0,3338.4780000000005,173971.79799999998
Ramanathapuram,290478.0,8714.34,65357.55,126761.0,2028.176,89493.26599999999
Thoothukkudi,,,,300661.0,3908.5930000000003,219783.191
Tirunelveli,547962.0,8767.392,181923.38400000002,516705.0,5683.755000000001,325007.445
Kanniyakumari,104253.0,2814.831,86634.243,493788.0,14813.64,436508.592
Dharmapuri,396819.0,9920.475,42459.633,91107.0,1457.712,53753.13
Krishnagiri,437988.0,9635.736,84093.696,142552.0,855.312,111618.21599999999
Coimbatore,284795.0,4556.72,94836.73499999999,,,
Tiruppur,356886.0,6067.062000000001,110277.774,538022.0,3766.1539999999995,403516.5
Yanam,0.0,,,15519.0,108.633,12710.061000000002
PONDICHERRY,87296.0,,,203741.0,,
Mahe,0.0,,,12110.0,133.21,11843.58
Karaikal,35618.0,747.9780000000001,16954.168,33715.0,404.58,25083.960000000003
Nicobars,15958.0,191.496,12910.022,0.0,,
North  AND Middle Andaman,39091.0,,,1094.0,,
South Andaman,34901.0,1221.535,22580.947,50631.0,607.572,44454.018000000004
